n_features,selected_from_ties_degree_only,selected_from_ties_score_tie_break,candidate_tie_count
2,8.5,1.0,59.0
