dataset,family,distribution,structure,variant,n_samples,n_features,seed,normalized,k_min,k_max,n_k_values,connected_all_k,connected_rate,n_components,largest_component_size,smallest_component_size,n_edges,reinforcement_vertex_count,anti_hub_count,cutoff_in_degree,candidate_tie_count,selected_from_ties_degree_only,selected_from_ties_score_tie_break,score_tie_candidate_count,build_seconds,connectivity_check_seconds
gamma-iid-n5000-d10-seed42,synthetic,gamma,iid,approx_knn_only,5000,10,42,False,2,50,49,True,1.0,1,5000,5000,250000,0,70,6,20,5,1,1,18.384002886996313,0.5752775549990474
gamma-iid-n5000-d10-seed42,synthetic,gamma,iid,random_sqrt_clique,5000,10,42,False,2,50,49,True,1.0,1,5000,5000,252415,70,70,6,20,5,1,1,18.384002886996313,0.6104314149997663
gamma-iid-n5000-d10-seed42,synthetic,gamma,iid,score_sg_antihub,5000,10,42,False,2,50,49,True,1.0,1,5000,5000,252415,70,70,6,20,5,1,1,18.384002886996313,0.62712501900387
gamma-separated-n5000-d10-seed42,synthetic,gamma,separated_clusters,approx_knn_only,5000,10,42,False,2,50,49,False,0.0,6,834,833,250000,0,70,4,30,7,1,1,1.1508917800019844,0.6299778390020947
gamma-separated-n5000-d10-seed42,synthetic,gamma,separated_clusters,random_sqrt_clique,5000,10,42,False,2,50,49,True,1.0,1,5000,5000,252415,70,70,4,30,7,1,1,1.1508917800019844,0.5439187570009381
gamma-separated-n5000-d10-seed42,synthetic,gamma,separated_clusters,score_sg_antihub,5000,10,42,False,2,50,49,True,1.0,1,5000,5000,252415,70,70,4,30,7,1,1,1.1508917800019844,0.5741665239984286
