n_features,selected_from_ties_degree_only,selected_from_ties_score_tie_break,candidate_tie_count
32,5.0,1.0,10.0
